482
495
475
474
472
480
480
416
456
460
448
451
468
462
474
430
457
456
462
456
450
464
536
496
480
475
478
465
453
454
457
456
467
408
348
365
332
380
265
290
298
368
360
410
468
517
566
625
672
648
600
569
538
540
553
480
520
508
500
503
485
478
475
522
482
513
516
540
510
532
530
480
450
450
444
408
398
386
420
400
452
388
404
382
350
406
384
376
390
340
364
348
350
403
356
385
420
476
430
462
498
432
512
482
515
505
532
520
502
495
472
438
442
380
455
405
370
398
422
353
410
414
352
358
398
365
356
366
358
420
450
500
460
492
521
558
614
675
707
660
613
570
595
588
540
521
509
506
510
500
498
524
508
524
500
480
464
476
440
459
418
445
488
442
428
444
425
368
406
410
382
415
366
354
379
360
278
330
386
356
333
319
302
325
326
366
344
328
378
376
371
369
371
379
381
364
352
334
268
350
355
296
280
359
314
296
318
346
254
344
278
248
258
342
292
360
328
365
304
302
360
354
261
264
330
292
313
266
276
304
286
303
282
301
350
325
348
376
418
368
390
402
368
449
386
396
420
334
322
368
384
340
304
298
259
292
314
322
252
288
345
266
332
302
272
360
324
280
315
340
318
344
290
312
284
328
380
415
355
352
410
320
326
262
274
270
274
274
272
295
314
294
307
296
294
281
296
288
274
315
316
302
284
369
306
374
320
336
352
336
352
332
318
318
299
306
305
270
308
264
304
278
294
332
366
420
382
351
358
382
354
355
360
304
343
326
320
275
266
329
310
322
324
284
308
298
329
248
282
302
285
260
342
306
320
374
322
334
332
383
352
378
383
342
390